5 0
119 14480
192 28960
233 43440
304 57920
365 72400
468 86880
564 101360
628 115840
690 130320
750 144800
878 159280
939 173760
999 188240
1138 202720
1278 217200
1410 231680
1506 246160
1642 260640
1705 275120
1769 289600
1832 304080
1902 318560
1968 333040
1994 347520
2097 362000
2200 376480
2371 390960
2438 405440
2502 419920
2612 434400
2676 448880
2779 463360
2843 477840
2904 492320
2930 506800
3076 521280
3136 535760
3231 550240
3298 564720
3394 579200
3542 593680
3686 608160
3747 622640
3843 637120
4042 651600
4143 666080
4280 680560
4418 695040
4516 709520
4575 724000
4635 738480
4695 752960
4795 767440
4893 781920
4917 796400
5067 810880
5202 825360
5261 839840
5397 854320
5431 868800
5655 883280
5757 897760
5855 912240
5925 926720
6023 941200
6082 955680
6242 970160
6383 984640
6410 999120
6544 1013600
6651 1028080
6675 1042560
6819 1057040
6917 1071520
7052 1086000
7112 1100480
7172 1114960
7385 1129440
7408 1143920
7512 1158400
7621 1172880
7725 1187360
7782 1201840
7927 1216320
7988 1230800
8047 1245280
8204 1259760
8346 1274240
8483 1288720
8587 1303200
8614 1317680
8734 1332160
8798 1346640
8893 1361120
9025 1375600
9122 1390080
9204 1404560
9251 1419040
9300 1433520
9359 1448000
9465 1462480
9550 1476960
9620 1491440
9716 1505920
9775 1520400
9855 1534880
9969 1549360
10026 1563840
10120 1578320
10179 1592800
10275 1607280
10411 1621760
10583 1636240
10635 1650720
10737 1665200
10833 1679680
10893 1694160
11078 1708640
11249 1723120
11309 1737600
11368 1752080
11461 1766560
11557 1781040
11673 1795520
11737 1810000
11797 1824480
11889 1838960
11949 1853440
12092 1867920
12210 1882400
12306 1896880
12364 1911360
12422 1925840
12488 1940320
12584 1954800
12680 1969280
12745 1983760
12806 1998240
12866 2012720
12932 2027200
13062 2041680
13124 2056160
13218 2070640
13458 2085120
13525 2099600
13590 2114080
13649 2128560
13710 2143040
13769 2157520
13897 2172000
13956 2186480
14013 2200960
14155 2215440
14179 2229920
14273 2244400
14443 2258880
14538 2273360
14635 2287840
14730 2302320
14792 2316800
14850 2331280
15067 2345760
15130 2360240
15241 2374720
15303 2389200
15402 2403680
15479 2418160
15545 2432640
15606 2447120
15664 2461600
15771 2476080
15811 2490560
15949 2505040
16011 2519520
16081 2534000
16117 2548480
16254 2562960
16393 2577440
16573 2591920
16705 2606400
16798 2620880
16914 2635360
16972 2649840
17067 2664320
17137 2678800
17235 2693280
17298 2707760
17358 2722240
17494 2736720
17768 2751200
17811 2765680
17873 2780160
17937 2794640
18111 2809120
18274 2823600
18346 2838080
18411 2852560
18472 2867040
18575 2881520
18715 2896000
18774 2910480
18869 2924960
18973 2939440
19070 2953920
19132 2968400
19196 2982880
19404 2997360
19481 3011840
19616 3026320
19834 3040800
19907 3055280
20015 3069760
20073 3084240
20100 3098720
20162 3113200
20310 3127680
20442 3142160
20540 3156640
20640 3171120
20701 3185600
20758 3200080
20854 3214560
20915 3229040
21125 3243520
21226 3258000
21293 3272480



8 0
122 14480
195 28960
239 43440
307 57920
368 72400
504 86880
568 101360
631 115840
695 130320
754 144800
881 159280
942 173760
1002 188240
1142 202720
1352 217200
1413 231680
1508 246160
1644 260640
1708 275120
1772 289600
1835 304080
1904 318560
1971 333040
2068 347520
2099 362000
2202 376480
2373 390960
2441 405440
2506 419920
2614 434400
2715 448880
2781 463360
2846 477840
2906 492320
2973 506800
3079 521280
3138 535760
3232 550240
3300 564720
3432 579200
3544 593680
3689 608160
3749 622640
3847 637120
4046 651600
4146 666080
4329 680560
4421 695040
4518 709520
4577 724000
4637 738480
4701 752960
4797 767440
4895 781920
4975 796400
5069 810880
5204 825360
5304 839840
5402 854320
5434 868800
5668 883280
5759 897760
5860 912240
5928 926720
6026 941200
6085 955680
6250 970160
6386 984640
6413 999120
6548 1013600
6653 1028080
6715 1042560
6821 1057040
6920 1071520
7054 1086000
7115 1100480
7283 1114960
7387 1129440
7410 1143920
7518 1158400
7664 1172880
7727 1187360
7793 1201840
7929 1216320
7990 1230800
8124 1245280
8213 1259760
8348 1274240
8486 1288720
8589 1303200
8653 1317680
8745 1332160
8800 1346640
8895 1361120
9027 1375600
9124 1390080
9207 1404560
9255 1419040
9303 1433520
9361 1448000
9472 1462480
9553 1476960
9622 1491440
9718 1505920
9778 1520400
9900 1534880
10007 1549360
10063 1563840
10122 1578320
10182 1592800
10277 1607280
10449 1621760
10588 1636240
10639 1650720
10739 1665200
10836 1679680
10932 1694160
11080 1708640
11252 1723120
11311 1737600
11370 1752080
11463 1766560
11559 1781040
11675 1795520
11775 1810000
11834 1824480
11892 1838960
12020 1853440
12099 1867920
12213 1882400
12308 1896880
12366 1911360
12424 1925840
12490 1940320
12587 1954800
12682 1969280
12747 1983760
12808 1998240
12868 2012720
12936 2027200
13065 2041680
13126 2056160
13220 2070640
13461 2085120
13527 2099600
13592 2114080
13651 2128560
13712 2143040
13771 2157520
13900 2172000
13959 2186480
14015 2200960
14157 2215440
14216 2229920
14275 2244400
14446 2258880
14540 2273360
14637 2287840
14732 2302320
14795 2316800
14888 2331280
15068 2345760
15215 2360240
15244 2374720
15306 2389200
15404 2403680
15482 2418160
15547 2432640
15608 2447120
15667 2461600
15777 2476080
15813 2490560
15951 2505040
16013 2519520
16083 2534000
16159 2548480
16257 2562960
16410 2577440
16612 2591920
16708 2606400
16836 2620880
16916 2635360
17010 2649840
17070 2664320
17139 2678800
17237 2693280
17336 2707760
17433 2722240
17497 2736720
17771 2751200
17813 2765680
17875 2780160
17941 2794640
18114 2809120
18282 2823600
18349 2838080
18413 2852560
18513 2867040
18578 2881520
18716 2896000
18777 2910480
18871 2924960
18976 2939440
19074 2953920
19134 2968400
19235 2982880
19408 2997360
19484 3011840
19620 3026320
19838 3040800
19910 3055280
20017 3069760
20075 3084240
20103 3098720
20164 3113200
20313 3127680
20443 3142160
20543 3156640
20641 3171120
20703 3185600
20795 3200080
20856 3214560
20959 3229040
21128 3243520
21229 3258000
21296 3272480
